   8544 1
   5706 2
   4910 3
   4237 4
   3744 5
   3598 6
   3242 11
   3231 7
   3093 10
   3054 9
   2991 8
   2628 12
   2548 13
   2489 14
   2333 15
   2268 16
   2208 17
   2196 18
   2153 30
   2041 19
   1955 21
   1930 20
   1891 23
   1868 34
   1796 31
   1764 22
   1732 24
   1646 33
   1638 26
   1621 32
   1621 25
   1595 47
   1577 36
   1561 27
   1545 37
   1536 28
   1514 29
   1500 35
   1446 49
   1404 38
   1375 46
   1358 52
   1358 44
   1316 50
   1257 39
   1256 43
   1252 45
   1250 48
   1230 42
   1151 41
   1146 40
   1122 51
   1078 53
    932 64
    885 67
    880 61
    866 66
    845 54
    830 69
    829 65
    810 71
    805 68
    802 56
    788 59
    783 60
    778 63
    768 70
    740 62
    714 72
    705 73
    702 75
    698 55
    696 58
    686 74
    686 57
    606 81
    570 79
    555 90
    547 82
    547 77
    539 91
    538 83
    535 105
    523 
    511 76
    509 84
    506 111
    502 104
    500 93
    497 78
    496 106
    493 92
    488 87
    477 85
    476 94
    473 100
    470 107
    468 80
    457 140
    456 103
    454 89
    451 86
    451 4-5
    450 138
    446 110
    442 113
    441 95
    439 129
    435 97
    426 184
    426 137
    424 141
    416 98
    415 102
    412 101
    411 108
    408 109
    407 181
    402 180
    400 183
    399 139
    396 112
    394 96
    392 88
    391 142
    380 99
    378 115
    374 154
    368 177
    366 187
    365 153
    363 186
    362 189
    359 176
    358 146
    346 116
    336 125
    335 133
    335 130
    333 114
    331 162
    329 179
    326 118
    325 155
    322 120
    321 182
    318 150
    317 152
    317 134
    315 119
    314 178
    314 132
    314 127
    313 185
    312 145
    312 126
    311 149
    309 166
    307 147
    307 135
    305 1-3
    304 191
    303 188
    299 144
    298 124
    297 148
    295 121
    288 163
    284 167
    280 190
    280 165
    279 117
    277 143
    276 158
    276 123
    274  
    271 122
    264 131
    259 156
    257 151
    256 173
    251 136
    248 159
    243 161
    238 160
    238 128
    235 168
    234 A
    232 169
    232 04
    228 164
    220 157
    215 174
    214 193
    213 235
    212 BA/16
    210 236
    207 212
    203 197
    199 GC/14
    196 175
    195 BA/15
    195 B
    190 171
    188 GC/15
    188 277
    185 275
    185 238
    183 233
    182 265
    181 248
    181 246
    180 198
    179 172
    178 269
    178 245
    177 192
    176 234
    173 268
    172 194
    171 247
    171 215
    169 278
    168 242
    167 267
    167 237
    167 06
    164 387
    164 305
    164 201
    163 316
    163 298
    163 195
    162 272
    162 264
    162 261
    161 BA/6
    161 386
    161 243
    161 199
    159 01
    158 311
    157 230
    156 260
    156 200
    154 266
    154 231
    153 388
    153 259
    153 229
    153 196
    150 244
    150 232
    150 214
    149 313
    149 218
    148 308
    147 314
    146 262
    146 240
    146 207
    145 385
    144 BA/9
    144 276
    144 219
    143 382
    143 239
    143 202
    142 251
    142 03
    141 427
    141 280
    141 258
    140 273
    140 170
    139 H/6
    139 429
    139 274
    138 GC/17
    137 271
    136 318
    136 283
    135 315
    135 282
    135 270
    135 256
    135 228
    134 317
    133 334
    132 322
    131 376
    130 306
    130 281
    130 208
    129 GC/19
    129 216
    128 344
    128 221
    127 349
    127 321
    127 289
    127 249
    127 209
    126 303
    125 402
    125 220
    125 05
    124 292
    124 250
    124 217
    124 1 
    123 SE/1
    123 GC/13
    123 333
    123 309
    123 252
    122 307
    122 300
    121 337
    120 BA/11
    120 428
    120 324
    120 304
    120 204
    119 336
    119 297
    119 241
    118 279
    117 BA/21
    117 BA/17
    117 393
    117 332
    116 339
    116 310
    115 390
    114 FE/7
    113 506
    113 213
    113 206
    113 205
    111 263
    111 253
    111 227
    111 "1091"
    110 394
    110 384
    110 257
    109 H/13
    109 378
    109 302
    108 377
    108 346
    108 330
    108 319
    107 GC/8
    107 327
    106 BA/25
    106 312
    106 288
    106 1-2
    105 301
    105 299
    104 BA/18
    104 430
    103 BA/23
    103 338
    102 BA/14
    102 BA/10
    102 294
    102 222
    100 255
     98 SE/2
     98 431
     98 285
     98 203
     97 H/15
     97 BA/24
     97 BA/2
     97 399
     97 375
     97 374
     97 291
     96 BA/8
     95 352
     95 326
     95 320
     95 293
     94 391
     94 226
     93 501
     93 498
     93 343
     93 223
     92 BA/22
     92 411
     92 287
     92 286
     91 GC/18
     91 GC/16
     91 BA/7
     91 401
     91 398
     91 373
     90 FE/5
     90 358
     90 211
     90 210
     88 FE/4
     88 442
     87 FE/6
     86 295
     86 225
     86 224
     85 345
     85 323
     84 GC/12
     84 354
     84 348
     84 290
     83 H/7
     83 H/1
     83 BA/3
     82 397
     82 296
     81  1
     80 H/12
     80 499
     80 329
     79 360
     79 254
     77 410
     77 359
     76 GC/6
     76 FE/2
     76 DG/18
     76 503
     76 443
     76 414
     76  2
     76 "1092"
     76 02
     75 DA/1
     75 412
     75 340
     75 335
     74 GC/4
     74 495
     74 415
     74 370
     74 347
     74 328
     73 H/8
     73 GC/10
     73 EA/1
     73 400
     72 GC/5
     72 331
     71 BA/20
     71 BA/1
     71 468
     70 Box 287
     70 383
     70 325
     69 FE/1
     69 406
     68 GC/3
     68 BA/13
     68 395
     67 H/9
     67 H/4
     67 BA/19
     67 396
     67 381
     67 371
     66 FE/9
     66 502
     66 496
     66 426
     66 367
     66 342
     65 EA/3
     65 505
     65 403
     65 392
     65 389
     65 380
     65 350
     64 FE/3
     64 DG/17
     64 BA/5
     64 341
     63 BA/26
     63 407
     63 357
     62 GC/9
     62 BA/4
     62 419
     62 379
     62 364
     62 351
     62 284
     61 433
     60 611
     59 H/14
     59 GC/7
     59 DG/9
     59 511
     59 500
     58 GC/2
     58 GC/1
     58 EA/2
     58 369
     57 H/5
     55 DG/19
     55 BA/12
     55 416
     54 695
     54 616
     54 612
     54 444
     54 372
     54 366
     54 110 
     53 627
     53 447
     53 434
     53 361
     53 355
     53 08
     53 07
     52 GC/11
     52 504
     52 441
     52 408
     52 404
     51 Box 291
     51 759A
     51 636
     51 509
     50 A-B
     50 448
     50 353
     49 425
     48 DA/3
     48 D
     48 Box 297
     48 613
     48 356
     47 DG/1
     47 Box 296
     47 626
     47 618
     47 471
     47 467
     46 510
     46 462
     46 1A
     45 Box 290
     45 421
     45 413
     45 365
     44 705
     44 487
     44 486
     44 472
     44 418
     44 405
     44 363
     43 681
     42 DG/8
     42 DG/5
     42 DG/14
     42 DG/12
     42 Box 295
     42 Box 294
     42 Box 292
     42 680
     42 651
     42 623
     42 512
     42 485
     42 422
     42 420
     42 368
     41 H/3
     41 694
     41 682-683
     41 617
     41 614
     41 537
     41 497
     41 489
     41 451
     40 689
     40 535
     40 453
     40 417
     39 DA/2
     39 Box 289
     39 446
     38 DG/13
     38 643
     38 622
     38 461
     38 458
     38 440
     38 424
     37 Flat Box 262
     37 FE/8
     37 DG/6
     37 702
     37 675
     37 663
     37 456
     37 437
     36 692
     36 641
     36 638
     36 635
     36 629
     36 538
     36 534
     36 507
     36 484
     36 466
     36 455
     36 423
     35 DG/10
     35 699
     35 697
     35 630
     35 615
     35 597
     35 530
     35 465
     35 454
     35 432
     34 529
     34 494
     34 491
     33 H/2
     33 H/10
     33 683
     33 596
     33 536
     33 492
     33 476
     33 473
     33 450
     33 362
     32 H/16
     32 701
     32 678
     32 676
     32 628
     32 624
     32 477
     32 470
     32 457
     32 409
     31 DG/3
     31 Box 298
     31 677
     31 634
     31 620
     31 206 
     30 EA/4
     30 759
     30 673
     30 543
     30 464
     30 1A-1B
     29 Flat Box 260
     29 DG/16
     29 Box 286
     29 682
     29 660
     29 642
     29 633
     29 577
     29 542
     29 541
     29 533
     29 528
     29 463
     29 460
     29 449
     28 Flat Box 261
     28 DG/7
     28 674
     28 621
     28 574
     28 522
     28 514
     28 439
     27 7B
     27 544
     27 540
     27 488
     27 475
     27 445
     27 436
     26 E
     26 693
     26 690
     26 671
     26 645
     26 595
     26 593
     26 586
     26 583
     26 518
     26 482
     26 435
     26 20A
     26 159A
     25 PI/1
     25 H/11
     25 Flat Box 719
     25 DG/15
     25 B4
     25 679
     25 644
     25 637
     25 508
     25 459
     25 452
     24 Flat Box 259
     24 Flat Box 257
     24 DA/4
     24 Box
     24 7A
     24 703
     24 672
     24 582
     24 581
     24 551
     24 527
     24 523
     24 14-9-8
     23 665
     23 664
     23 619
     23 591
     23 590
     23 58A
     23 587
     23 539
     23 521
     23 493
     23 480
     23 469
     23 438
     23 12 
     23 09
     22 SE/3
     22 B1
     22 685
     22 650
     22 647
     22 554
     22 516
     22 490
     22 474
     22 ###
     21 Flat Box 712
     21 DG/4
     21 DG/11
     21 691
     21 684
     21 669
     21 659
     21 572
     21 517
     21 36 
     21 253 
     21 14-9-7
     20 ll8
     20 Flat Box 265
     20 95-97
     20 707
     20 670
     20 653
     20 631
     20 584
     20 580
     20 519
     20 513
     20 479
     20 203 
     20 202 
     19 Flat Box 747
     19 Flat Box 746
     19 Flat Box 258
     19 DG/2
     19 7C
     19 700
     19 698
     19 658
     19 625
     19 594
     19 579
     19 578
     19 532
     19 525
     19 524
     19 520
     19 483
     19 249 
     19 205 
     19 14-9-1
     18 Flat Box 715
     18 8l
     18 704
     18 656
     18 654
     18 632
     18 588
     18 570
     18 478
     18 250 
     18 247 
     18 208 
     18 14-9-2
     17 Flat Box 263
     17 B2
     17 68A
     17 668
     17 661
     17 648
     17 608
     17 602
     17 589
     17 573
     17 557
     17 550
     17 531
     17 515
     17 229 
     17 207 
     17 1 volume
     17 17 
     17 14-9-6
     17 14-9-4
     17 13 
     16 Flat Box 745
     16 Flat Box 717
     16 Flat Box 267
     16 F
     16 C1
     16 B9
     16 667
     16 666
     16 649
     16 605
     16 555
     16 481
     16 402A
     16 233 
     16 221 
     16 211 
     15 Flat Box 718
     15 Flat Box 268
     15 Flat Box 264
     15 B7
     15 76 
     15 575c
     15 575
     15 571
     15 547
     15 223 
     15 218 
     15 217 
     15 204 
     15 106 
     15 10 
     14 Flat Box 708
     14 B6
     14 686
     14 662
     14 657
     14 640
     14 609
     14 600
     14 599
     14 598
     14 576
     14 568
     14 556
     14 37 
     14 339-341
     14 222 
     14 213 
     14 210 
     14 201 
     14 14-L-1
     13 Flat Box 702
     13 D3
     13 C
     13 B8
     13 B19
     13 B18
     13 A1
     13 7 
     13 655
     13 562
     13 549
     13 33 
     13 246 
     13 245 
     13 238 
     13 230 
     13 224 
     13 209 
     13 169 
     13 14-9-3
     12 Flat Box 711
     12 DG/20
     12 D5
     12 B5
     12 B31
     12 B27
     12 B25
     12 B23
     12 B21
     12 B17
     12 B10
     12 A15
     12 91 
     12 86 
     12 85 
     12 604
     12 569
     12 565
     12 560
     12 526
     12 3 
     12 25 
     12 24 
     12 237 
     12 232 
     12 231 
     12 201 Oversize
     12 160 
     12 14-9-9
     12 14-9-10
     12 132 
     12 129 
     12 105#
     11 Flat Box 710
     11 Flat Box 703
     11 Flat Box 701
     11 D10
     11 C7
     11 B28
     11 B24
     11 B22
     11 B20
     11 B16
     11 B12
     11 B11
     11 8 
     11 79 
     11 717
     11 601
     11 592
     11 576b
     11 567
     11 35 
     11  282
     11 251 
     11 248 
     11 241 
     11 236 
     11 219 
     11 214 
     11 20 
     11 1B
     11 177 
     11 16a
     11 15 
     11 14-13-02
     11 140 
     11 130 
     11 113 
     11 11 
     11 109 
     10 GC/20
     10 Flat Box 720
     10 Flat Box 713
     10 Flat Box 705
     10 B15
     10 B14
     10 B13
     10 A10
     10 98 
     10 88 
     10 78 
     10 646
     10 639
     10 61, 70
     10 606
     10 575b
     10 566
     10 564
     10 561
     10 559
     10 558
     10 545
     10 4 
     10 38 
     10 30 
     10 2 &amp; 3
     10 23A
     10 239 
     10 234 
     10 220 
     10 200 
     10 199 
     10 161 
     10 134 
     10 117 
      9 Roll
      9 D4
      9 D2
      9 D17
      9 BAR General Manuscripts
      9 87 
      9 610
      9 585
      9 580b
      9 552
      9 46 
      9 1a
      9 16l
      9 16 
      9 121 
      8 l64
      8 Flat Box 714
      8 Drawer 3
      8 D1
      8 C6
      8 C2
      8 727
      8 716
      8 706
      8 607
      8 603
      8 563
      8 553
      8 54 
      8 5 
      8 467-470
      8 44 
      8 40 
      8 3 (Flat Box)
      8 290 
      8 28 
      8 235 
      8 227 
      8 225 
      8 215 
      8 21 
      8 2 
      8 197 
      8 189 
      8 18 
      8 178#
      8 177#
      8 175 
      8 15l
      8 14-9-5
      8 14-10-1
      8 136 
      8 133 
      8 128 
      8 "1095"
      7 l55A
      7 Flat Box 709
      7 D13
      7 C8
      7 B26
      7 9A
      7 89 
      7 83A
      7 68, 71
      7 687
      7 652
      7 6 
      7 574b
      7 55 
      7 548
      7 3-5
      7 31 
      7 226 
      7 212 
      7 1C
      7 170 
      7 156 
      7 14-E-6
      7 142 
      7 141 
      7 14 
      7 131 
      7 127 
      7 126 
      7 124 
      7 123 110
      7 118 
      7 114 
      7 107#
      7 106#
      6 No CD
      6 Flat Box 423
      6 D9
      6 D7
      6 C4
      6 C19
      6 C18
      6 C10
      6 A9
      6 A7
      6 94 
      6 9 
      6 723
      6 696
      6 581c
      6 53 
      6 50 
      6 46A
      6 42 
      6 36-37
      6 244 
      6 243 
      6 242 
      6 23 
      6 195 
      6 176 
      6 165 
      6 14, 15
      6 14/05/02
      6 138 
      6 13-14
      6 122 
      6 120 
      6 111 
      6 10, 115
      5 l60
      5 Flat Box 707
      5 Flat Box 428
      5 Flat Box 426
      5 Flat Box 266
      5 D15
      5 D12
      5 D11
      5 C5
      5 B30
      5 B3
      5 A8
      5 99 
      5 95 
      5 93 
      5 92 
      5 9-10
      5 68 
      5 546
      5 52 
      5 50, 55
      5 4l
      5 4a
      5 3A
      5 39 
      5 32 
      5 308 
      5 302 
      5 29-30
      5 29 
      5 27-29
      5 27 
      5 26 
      5 24-26
      5 240 
      5 216 
      5 196 
      5 194 
      5 19, 37
      5 185#
      5 18, 37, 52
      5 172 
      5 161A
      5 15-K-5
      5 153 
      5 15-16
      5 145 
      5 14/14/07
      5 14-11-7
      5 14-10-2
      5 13/8/6
      5 13-15
      5 13-06-05
      5 12; 41e
      5 123 
      5 108 
      5 107 
      5 100, 115
      4 Oversize
      4 Map case 14-M-06
      4 MapCase 14/10/3
      4 Flat Box 429
      4 Flat Box 427
      4 Flat Box 421
      4 Flat Box 419
      4 Flat Box 418
      4 Flatbox 354
      4 C3
      4 C20
      4 94, 98
      4 9-11
      4 80 
      4 77 
      4 726
      4 725
      4 724
      4 708
      4 70 
      4 688
      4 5A
      4 5-7
      4  560
      4 47, 52
      4 43 
      4 41A
      4 391A
      4 38, 64
      4 38-39
      4 35, 40, 44
      4 34 
      4 33-35
      4 2 Boxes
      4 28-29
      4 263 
      4 24A
      4 228 
      4 19 
      4 187#
      4 186#
      4 14-P-2
      4 14-O-2
      4 148 
      4 1-4
      4 139 
      4 125 
      4 12-13
      4 119 
      4 112 
      4 108#
      4 10-11
      3 Flat Box 704
      3 Flat Box 431
      3 Flat Box 430
      3 Flat Box 424
      3 Flat Box 422
      3 Flat Box 420
      3 Flat Box 416
      3 Flatbox 356
      3 Flatbox 355
      3 Flatbox 353
      3 Flatbox 352
      3 Flatbox 351
      3 Flat Box
      3 D16
      3 C22
      3 C21
      3 C14
      3 Box 22
      3 Box 21
      3 98-99
      3 97, 98, 99
      3 97 
      3 96, 100
      3 8-9
      3 82 
      3 7-8
      3 75 
      3 722
      3 719
      3 7-10
      3 709
      3 6 Boxes
      3 68, 79
      3 68, 71, 83
      3 68, 70, 82
      3 6-8
      3 67-68
      3 67 
      3 66-67
      3 63A
      3 63, 69
      3 59 
      3 5-9
      3 581b
      3 578b
      3 57 54
      3  564
      3 5-6
      3 4A
      3 48 
      3 47 
      3 46-47
      3 45 &amp; 46
      3 43, 47
      3 37-38
      3 3-4
      3 33, 37
      3 30-31
      3 29, 32
      3 25B
      3 252 
      3 2-5
      3 2-4
      3 23-24
      3 22, 27
      3 22-25
      3 22 
      3 1b
      3 18 (cont.)
      3 18-19
      3 17-18
      3 163 
      3 16-17
      3 155 
      3 152 
      3 15, 16
      3 14-O-4
      3 14-E-7
      3 147 
      3 14-16-04
      3 14/16/02
      3 14-13-03
      3 14-13-01
      3 14-10-8
      3 13 &amp; 14
      3 116, 130
      3 115 
      3 108, 111
      3 103-104
      3 10  
      2 Table
      2 Lehman Suite cabinet
      2 l6l 
      2 Index 5
      2 Flat Box 661
      2 Flat Box 432
      2 Flat Box 425
      2 Flat Box 417
      2 Flat Box 415
      2 Flatbox 350
      2 Flat Box 336
      2 Flat Box 333
      2 Flat Box 317
      2 Drawer 2
      2 Drawer 1
      2 D14
      2 Card File Box 2
      2 C9
      2 Box 20
      2 Box 19
      2 Box 1
      2 99, 111
      2 98, 102, 106
      2 96-98
      2 96-97
      2 95 &amp; 96
      2 93 &amp; 94
      2 92-95
      2 9-13
      2 90 
      2 8 &amp; 9
      2 8A
      2 86-87
      2 86, 107
      2 85, 89
      2 85-86
      2 82, 86
      2 8-12
      2 8-10
      2 81 
      2 7a
      2 77-79
      2 758
      2 753
      2 74 &amp; 75
      2 749
      2 74, 78
      2 74-75
      2 73-75
      2 73-74
      2 73, 115
      2 728
      2 710
      2 6 volumes
      2 6b-c
      2 6-9
      2 68, 99
      2 68, 87
      2 68, 74
      2 67-70
      2 6-7
      2 65-66
      2 652 &amp;amp; 653
      2 63, 83
      2 63-64
      2 62 &amp; 63
      2 61-62
      2 61 
      2 60, 65
      2 59 &amp; 60
      2 58, 75
      2 57 &amp; 58
      2 57, 69
      2 57, 62
      2 57-59
      2  563
      2  562
      2  561
      2 5, 6
      2 55-57
      2 54, 59
      2 54-55
      2 53, 58
      2 53-54
      2 52 &amp; 53
      2 52, 96
      2 52, 57
      2 52-54
      2 51-53
      2 49, 54
      2 47 &amp; 48
      2 46B
      2 46, 51
      2 4-6
      2 45, 50
      2 45 
      2 44, 49
      2 42 &amp; 43
      2 42, 51
      2 41, 45
      2 41-43
      2 41 
      2 40 &amp; 41
      2 40A
      2 408-410
      2 40, 50
      2 40, 44
      2 38 &amp; 39
      2 383 
      2 36 &amp; 37
      2 36, 41, 45
      2 36-39
      2 35, 40
      2 35-37
      2 35-36
      2 34, 43
      2 34-35
      2  339
      2 32, 40
      2 32-35
      2 31 &amp; 32
      2 31, 34
      2 31-34
      2  31
      2 30 &amp; 31
      2 30-32
      2 302  
      2 2 volumes
      2 29 &amp; 30
      2 285 
      2 28, 38
      2 28-35
      2 280 278
      2 27 [COPIES]
      2 27 &amp; 28
      2 27-28
      2 26, 30, 36
      2 26, 30, 33
      2 26, 30
      2 26-27
      2 258 
      2  236
      2 2-3
      2 22 &amp; 23
      2 22-26
      2 22-23
      2 21, 61, 67
      2 20 &amp; 21
      2 209-210
      2 20, 26
      2 20-21
      2 1 &amp; 2
      2 199-200
      2 198 
      2 19-21
      2 19-20
      2 18 &amp; 19
      2 189-190
      2 185-186
      2 183-184
      2 18-22
      2 18-21
      2 1-8
      2 17 &amp; 18
      2 179-180
      2 176-179
      2 17-27
      2 17-20
      2 17-19
      2 164-165
      2 163-165
      2 161-162
      2  16
      2 15-H-03
      2 157-159
      2 154 
      2 15, 28
      2 1-5
      2 148-156
      2 147-A
      2 144 
      2 14-19
      2 14-16
      2 14-11-9
      2 14-10-9
      2 134, 137
      2 132, 140
      2 13-16
      2 131:
      2 12 &amp; 13
      2 128, 131
      2 127-128
      2 126, 136, 139
      2 125, 127
      2 12, 13
      2 11 &amp; 12
      2 116-118
      2 114, 116
      2 112,119
      2 112, 116
      2 11-12
      2 110-111
      2 10 &amp; 11
      2 105-106
      2 104, 111
      2 104##
      2 104#
      2 103, 107
      2 103 
      2 10-12
      2 101, 105, 140
      1 X810.128
      1 Volume 8
      1 Volume 25 in Flat 134
      1 Vault
      1 Tuber Box 3
      1 Tuber Box 2
      1 Tape 3
      1 Tape 2
      1 Tape 1
      1 Oversize no. 7
      1 Oversize no. 6
      1 Oversize no. 5
      1 Oversize no. 4
      1 Oversize no. 3
      1 Oversize no. 2
      1 Oversized Portfolio
      1 Oversized Box
      1 Oversized
      1 Oversize 78
      1 MC 14/16/02
      1 Map Cases 14-P-2 and 14-P-3
      1 Map Case 14-P-5
      1 Map Case 14-P-4
      1 Map Case 14 - P - 2
      1 Mapcase 14-P-01
      1 Map Case 14-14-7
      1 Map Case 14-10-5
      1 Manuscript Box [Vault]
      1 Lehman Suite Cabinet
      1 Lehman Suite
      1 l74
      1 l54
      1 l04
      1 l
      1 Index 7
      1 Index 6
      1 Index 4
      1 Index 3
      1 Index 2
      1 Index 1
      1 I
      1 Flat File 273
      1 Flat Box 748
      1 Flat Box 739
      1 Flat Box 730
      1 Flat Box 716
      1 Flat Box 706
      1 Flat Box674
      1 Flat Box 662
      1 Flat Box #5
      1 Flat Box 414
      1 Flat Box 368
      1 Flatbox 357
      1 Flat Box 335
      1 Flat Box 334
      1 Flat Box 332
      1 Flat Box 30
      1  Flat Box 264
      1 Flat Box 232
      1 Flat Box 231
      1 Flat Box 230
      1 Flat Box 213
      1 Flat Box 2
      1 Fl. 15
      1 E78-E114
      1 E6-E12
      1 E64-E77
      1 E51-E63
      1 E4-E5
      1 E41-E50
      1 E30-E40
      1 E3
      1 E147
      1 E142-E146
      1 E141
      1 E140
      1 E13-E29
      1 E139
      1 E138
      1 E137
      1 E136
      1 E135
      1 E134
      1 E133
      1 E132
      1 E131
      1 E130
      1 E128-E129
      1 E123-E127
      1 E121, E122
      1 E120
      1 E117-E119
      1 E116
      1 E115
      1 Drawer 4
      1 D8
      1 D7-D8
      1 D6
      1 D18
      1 D13, D14
      1 CMI Box 72
      1 CMI Box 71
      1 C (cont.)
      1 Card File Box 1
      1 C21, C22
      1 C1-C2
      1 C17 
      1 C15-16
      1 C12-13
      1 C11
      1 Boxes 92-96
      1 Boxes 89-91
      1 Boxes 80-88
      1 Boxes  233 - 243
      1 Boxes 16-23
      1 Box 82-87
      1 Box 77-80
      1 Box 75-77
      1 Box 72-75
      1 Box 69
      1 Box 61
      1 Box 60
      1 Box 327
      1 Box 313
      1 Box 311
      1 Box 307
      1 Box 305
      1 Box 298 
      1 Box 297 
      1 Box 291 
      1 Box 287 
      1 Box138
      1 Box 11 &amp; 12
      1 Box 107
      1 Box101
      1 B29-B30
      1 A &amp; B
      1 A8, A9
      1 A2-A6
      1 A14
      1 A11-A14
      1 9 &amp; 10
      1 9-A 
      1 9a
      1 99, 138
      1 99, 122, 125, 127, 130, 134, 138
      1 99, 103, 107
      1 99, 103
      1 99 - 101
      1 98, 99 &amp; 100
      1 98, 137
      1 98, 117
      1 98, 113
      1 98, 106, 118
      1 98, 106
      1 98, 102, 122, 125
      1 98, 102, 106, 113, 137
      1 97, 111
      1 97, 109
      1 96, 97
      1 9, 68, 71, 84
      1 96, 132, 140
      1 96, 124, 129
      1 96, 111, 123
      1 96, 104, 119
      1 96, 100, 104, 139
      1 96, 100, 104, 119
      1 96 
      1 95, 99, 107, 138
      1 95, 99, 103, 118
      1 95, 99, 103, 110, 138
      1 95/96
      1 95-96
      1 95, 131, 138
      1 95, 117
      1 95, 110
      1 95 - 100
      1 95:
      1 94, 98, 102, 110
      1 94, 98, 102, 106, 110, 113, 116, 120, 122, 125, 130, 134, 137
      1 94, 98, 102, 106, 110
      1 94-97
      1 94/95
      1 94-95
      1 9, 44
      1 94, 106, 110, 127
      1 94, 106
      1 94:
      1 93, 97
      1 93-94
      1 9, 34, 64, 67-68, 71, 73-74, 80, 91, 94
      1 93, 105, 109, 112, 115, 117
      1 93, 101
      1 92 &amp; 93
      1 92, 96, 109, 117
      1 92, 96, 108, 112, 124
      1 92, 96, 100, 108, 121, 136
      1 92/95
      1 92 / 95
      1 92/ 94
      1 92-93
      1 92, 132
      1 92, 126
      1 92, 121
      1 92, 104
      1 9, 20, 111
      1 9, 20
      1 92:
      1 91, 96, 121
      1 91, 95, 108
      1 91-92
      1 9, 13
      1 9, 12, 17
      1 9-12
      1 9, 118
      1 91, 111, 114, 120, 123
      1 91, 111
      1 91, 108
      1 91, 105
      1 91-100
      1 9, 105
      1 91:
      1 90, 99
      1 90, 95, 107
      1 90, 95, 103, 122, 125, 127, 130
      1 90-92, 94
      1 90-92
      1 90, 91 &amp; 92
      1 90-91
      1 90, 138
      1 90, 131, 138
      1 90, 110
      1 90, 108, 120
      1 90, 107, 111, 116, 120, 123, 128, 135
      1 90, 107
      1 9  
      1 8 [COPIES]
      1 8-A 
      1 8a
      1 89, 94, 98, 113, 116, 118
      1 89, 94,98, 102, 106, 110
      1 89, 94, 106, 110, 118, 122
      1 89 - 91
      1 89-90
      1 8, 9, 44-46, 56
      1 89, 127, 137
      1 89, 117
      1 89, 113
      1 89, 102
      1 88 &amp; 89
      1 88, 93, 115, 124, 140
      1 88, 93
      1 88, 92, 97, 101, 105, 109, 115, 119, 121, 126, 132, 136
      1 88, 92, 96, 105
      1 88-89
      1 88, 101, 109, 115
      1 87 &amp; 88
      1 87, 96
      1 87, 92, 96
      1 87, 92, 119
      1 87, 92
      1 87-88
      1 86 &amp; 87
      1 86, 91
      1 86, 90, 95, 99, 103
      1 8, 64-69, 71-74
      1 8-63B.
      1 86, 131
      1 86, 103, 131, 138
      1 86, 101
      1 86, 100
      1 85 &amp; 86
      1 85, 94, 102, 127
      1 85, 90, 98
      1 85, 90
      1 84 &amp; 85
      1 84, 90
      1 84, 89, 94, 98, 102, 110, 113
      1 84, 89, 94, 98
      1 84, 89
      1 84, 86
      1  84-85
      1 84, 173-174
      1 84, 105
      1 84 
      1 83 &amp; 84
      1 83, 92, 100, 108, 121, 124, 126
      1 83-85
      1 83, 108, 129, 132, 136, 139
      1 83, 104, 108, 112, 129, 132
      1 83 
      1 82B
      1 82 and 82a
      1 82A
      1 82, 96, 100
      1 82, 91, 96, 100, 104, 135
      1 82-84
      1 82, 108, 111, 126
      1 82, 100, 119, 126, 135
      1 81 &amp; 82
      1 81, 99, 103, 107, 116, 120, 131, 138
      1 81, 98
      1 81, 95, 107, 110
      1 81, 90, 102, 107, 113, 116, 118, 120, 122, 125
      1 8, 19
      1 81, 86
      1 81, 85
      1 81, 84, 105, 118
      1 81, 83, 86
      1 81-83
      1 81, 82
      1 8, 13
      1 81, 110
      1 8-11
      1 80, 96-97, 106, 115-116
      1 80, 89, 102
      1 80-87
      1 80, 85
      1 80, 84, 89
      1 80-82
      1 80, 81
      1 80-81
      1 80, 172
      1 80, 106, 116, 120
      1 80, 101
      1 8  
      1 7 (Flat Box) 
      1 7 (Flat Box)
      1 7 &amp; 8
      1 79, 96, 100, 117
      1 79, 93, 97, 105
      1 79, 92, 129
      1 79, 88, 92, 96, 112
      1 79-88
      1 79, 83
      1 79, 112, 132
      1 7-9
      1 78 &amp; 79
      1 78, 93, 96, 98,118
      1 78, 91
      1 78, 82, 86
      1 78-79
      1 78, 132, 136, 139
      1 78, 132
      1 78, 118
      1 78, 111 
      1 7-8, 11
      1 78, 100
      1 77, 98, 102
      1 77, 90, 138
      1 77, 82
      1 77 - 82
      1 77, 80, 130, 134
      1 77, 80
      1 77-78
      1 77, 114
      1 77, 112, 115
      1 77, 105
      1 76 &amp; 77
      1 76, 98
      1 76, 95
      1 76, 91
      1 76, 80, 85, 102, 106, 110
      1 76, 80, 84, 113, 118
      1 76, 80, 122, 137
      1 76, 80
      1 761-762
      1 76, 116
      1 76, 113
      1 75, 92
      1 75, 83
      1 75-80
      1 75, 79, 92, 117
      1 75-78
      1 75-76, 117
      1 75-76
      1 757
      1 756
      1 755
      1 754
      1 752
      1 75, 119, 129, 132, 136
      1 75, 115, 132
      1 75, 105, 117, 119, 132
      1 751
      1 750
      1 74, 96, 112
      1 74, 87, 92
      1 74, 83, 96, 117
      1 74, 83, 92, 100, 108, 117, 132
      1 748
      1 74, 79, 96
      1 74, 79, 83, 87, 96, 115
      1 74, 78, 82, 87, 100, 104
      1 74, 78, 100, 108, 111, 131
      1 74-78
      1 74, 75, 95, 96, 97
      1 747
      1 746
      1 745
      1 744
      1 743
      1 742
      1 74, 108
      1 74, 107
      1 741
      1 740
      1 73 &amp; 74
      1 73, 99, 103, 114, 118
      1 739
      1 73, 86, 108
      1 73, 82, 90, 95, 108
      1 73, 82, 90
      1 73, 82, 86, 103
      1 738
      1 73, 77, 82, 90
      1 737
      1 736
      1 735
      1 734
      1 733
      1 732
      1 73, 120, 123
      1 731
      1 730
      1 72 &amp; 73
      1 72, 90, 91, 92, 93, 94
      1 729
      1 728A
      1 72, 89, 94, 98, 102, 106, 116
      1 72, 85, 90, 103
      1 72-84
      1 72, 77, 81, 85, 90, 103, 131
      1 72, 77, 122, 138
      1 72, 77, 102
      1 72-73, 92, 97
      1 721
      1 7, 20, 23, 26, 44-45, 77, 87, 89, 94-98, 111,
      1 720
      1 71 &amp; 72
      1 71, 80, 84
      1 71, 80
      1 718
      1 71, 76, 80, 94
      1 71, 76, 80, 84, 89
      1 71, 76, 80, 84
      1 71, 76, 80, 113
      1 71-75 
      1 71-74
      1 715
      1 714
      1 713
      1 712
      1 71, 120, 127, 137
      1 71, 104
      1 7-11
      1 711
      1 70 &amp; 71
      1 70, 80
      1 70-73
      1 70, 71, 88
      1 70, 113-115
      1 7  
      1 6 [COPIES]
      1 6 &amp; Oversized
      1 6a
      1 69, 74
      1 69-74
      1 69-70
      1 69, 100, 112
      1 69 
      1 6 - 9
      1 68, 98
      1 68, 91, 96, 119, 126
      1 68, 87, 91
      1 68, 86, 96, 108, 111
      1 68, 78
      1 68, 74, 100, 108, 136
      1 68, 73, 108, 123, 131
      1 68, 71, 109
      1 68, 70
      1 68 - 70
      1 68, 69, 84, 85, 86, 87
      1 68-69, 74-75
      1 68-69
      1 68, 123, 126, 128, 131, 135, 139
      1 67, 78, 103, 108, 111
      1 67, 78
      1 67, 73, 78, 91
      1 67, 73, 78, 138
      1 67-69
      1 67, 68, &amp; 69
      1 6, 7, 20
      1 67, 128
      1 66-87
      1 66, 85, 90, 95, 99, 107, 138
      1 66, 81, 116
      1 66, 73, 89
      1 66-68
      1 66, 67, 83
      1 66, 138
      1 66 
      1 65 &amp; 66
      1 65, 98, 102, 125, 127
      1 65, 81
      1 65, 72, 94, 102
      1 65, 71
      1 64 &amp; 65
      1 64, 96
      1 64, 85, 98, 102
      1 64, 80, 94, 98, 102, 106
      1 64, 76, 80, 85, 106
      1 64, 76
      1 64, 71, 89, 106
      1 64, 71, 80, 106, 110
      1 64, 71, 76, 85
      1 64, 71
      1 6, 47
      1 64-68
      1 64, 65, 80
      1 64-65
      1 64, 118
      1 64, 116
      1 64, 108
      1 63B
      1 63 &amp; 64
      1 63, 94, 113
      1 63, 88, 92, 96, 101, 109
      1 63, 83, 92
      1 63, 79
      1 63, 78
      1 63, 77
      1 63-73
      1 63, 70
      1 63-66
      1 63-65
      1 63-64, 74, 95
      1 62A
      1 62, 87, 100
      1 6, 28-29, 32-33, 56, 103
      1 62, 81, 90
      1 62-77
      1 62, 74, 126
      1 62, 74
      1 62, 69, 87
      1 62-69
      1 62, 68, 91, 100, 108, 115, 121
      1 62, 68, 74
      1 62, 68, 73, 78, 82
      1 62, 68
      1 626-631
      1 62-63, 92-95, 102
      1 624-625
      1 622-623
      1 62, 112
      1 619-620
      1 61, 90, 103, 114
      1 61, 78, 82, 86, 95, 108
      1 61, 70, 29
      1 61, 70, 101
      1 61, 68, 70
      1 61, 67, 95, 99, 103, 135
      1 61, 67, 73, 86, 95, 108, 120, 126, 128, 131
      1 61, 67, 73, 78, 82, 86, 91, 95, 99, 103, 108
      1 61, 67
      1 61, 62, 77
      1 6-13
      1 612-615
      1 6-12
      1 61, 108
      1 6-11
      1 6-10
      1 60D
      1 60C
      1 60B
      1 60 &amp; 61
      1 60A
      1 60, 86, 90, 99, 103, 107, 111, 114
      1 60, 81, 90, 103, 122
      1 60, 77, 81, 85, 95, 99, 107, 118, 130
      1 60, 72, 77, 85, 89
      1 60, 66, 72
      1 606-607
      1 60-66
      1 60 -65
      1 60-62
      1 5 Boxes
      1 5 &amp; 6
      1 599 
      1 59, 85, 89, 94, 110, 113, 116, 118, 122
      1 59, 84, 89, 94, 98, 102, 106, 110, 113, 116, 120, 122, 125, 127, 134
      1 59, 64, 80, 89, 98, 134
      1 59, 64, 80, 84, 89, 94
      1 59, 64, 76
      1 59, 64, 71, 76, 80, 84, 89
      1 59, 64, 102, 110
      1 59, 64
      1 59, 60, 77
      1 59-60
      1 591-593
      1 58 &amp; 59
      1 58, 83, 121, 140
      1 58, 70
      1 58-66
      1 58, 63, 75, 79, 83, 97, 101, 109, 129, 132, 136
      1 58, 63, 69, 75, 79
      1 58-63
      1 58-61
      1 58, 105
      1 58 
      1 57A &amp; 57B
      1 57, 78, 82, 91, 108, 111, 115
      1 57, 74, 83
      1 57, 74, 79, 87, 92, 96, 104, 139
      1 57-63
      1 57, 62, 96, 108
      1 57-61
      1 57-60
      1 57, 58
      1 5, 7, 39-40, 83, 88-89, 117
      1 57 
      1 5, 7
      1 56 &amp; 57
      1 56, 96
      1 56, 94
      1 56, 91
      1 56, 86, 91, 96, 100
      1 5, 6, 7, 8
      1 56-65 
      1 56, 62, 78, 86, 91, 96
      1 56, 61, 67, 73, 77, 82, 108
      1 56, 61, 67, 73, 77, 81, 86, 90, 128
      1 56-61
      1 56-57
      1 56, 107
      1 56 
      1 55 &amp; 56
      1 55, 77
      1 55, 72, 77, 81, 90
      1 55, 66
      1 55, 60, 72, 77, 80, 85, 89, 94, 98, 110, 113, 116, 118
      1 55, 60, 66, 72, 77, 81, 85, 90, 95, 103, 107, 111, 114, 116, 125, 128
      1 55, 56
      1 55-56
      1 551-552
      1 54 &amp;amp; 55
      1 54A
      1 54, 98, 113, 116
      1 54, 94, 98
      1 54, 76
      1 54, 68, 71
      1 54, 64, 71, 76, 80, 84, 89, 94, 98, 106, 110, 113
      1 54, 64
      1 54, 59, 64, 78
      1 54, 59, 64, 71, 76, 98, 113, 116, 118, 125, 127, 134, 137
      1 54 - 58
      1 54-56
      1 54, 55
      1 541-542
      1 53 &amp; 54
      1 539-540
      1 53, 93
      1 537-538
      1 53, 63, 83
      1 53-62
      1 53-59
      1 53, 58, 75
      1 53, 58, 69, 75, 79, 83, 88, 92
      1 53-57, 78, 82-83, 88-89, 94, 96, 103, 117
      1 53, 54
      1 533-534
      1 531-532
      1 52, 97
      1 52, 69, 74, 79, 83, 87, 92, 96
      1 52, 62, 69, 92
      1 52, 62, 68, 74, 82, 87
      1 52, 57, 79
      1 52, 118
      1 52, 104
      1 51 &amp; 52
      1 51A &amp; 51B
      1 5, 19, 43, 104, 117
      1 51, 78
      1 51, 71
      1 51, 56, 67, 86, 90, 95
      1 51, 56, 61, 67, 78, 86, 90, 103
      1 51, 56
      1 51-54
      1 511-514
      1 51, 123
      1 5-10
      1 51 
      1 50 &amp; 51
      1 50, 94, 120
      1 50, 90, 116, 120, 122
      1 50, 72, 77, 81, 90, 116, 120, 122, 125, 128, 131
      1 50, 60, 66, 81, 85, 90, 95, 99
      1 50, 55, 77, 107
      1 50, 55, 60, 72, 77, 106
      1 50-54
      1 50-53
      1 50-51, 106-107
      1 50–51
      1 50, 51
      1 49 &amp; 50
      1 49, 76, 80, 84, 110, 125, 137
      1 4, 9, 71, 96
      1 49, 65
      1 4, 96
      1 49, 59, 71, 76, 84, 89, 94, 98, 102, 106, 110
      1 49, 59, 64, 76, 80, 84, 94, 98, 102, 110, 137
      1 49, 54, 110
      1 49-52
      1 49 - 52
      1 49-51
      1 49, 50
      1 49-50
      1 48 &amp; 49
      1 48, 71
      1 48, 58, 63, 79, 88, 109
      1 48, 53, 97
      1 48, 53, 83
      1 48, 53, 58, 70, 75, 79, 88, 109
      1 48, 53, 58, 63, 70, 75, 79, 83
      1 484-493
      1 48, 126, 140
      1 4-8
      1 47, 82, 126, 128, 135
      1 47, 79
      1 477-483
      1 47, 74, 79, 83, 139
      1 47, 69, 83, 87, 92, 96, 108, 117, 126, 139
      1 47, 62, 69, 100, 104, 132
      1 47, 57, 62
      1 47-57
      1 47, 52, 57, 78, 91, 100, 108, 121, 128, 131
      1 47, 52, 57, 62, 104
      1 47, 52, 121
      1 47, 48
      1 47-48
      1 4-7
      1 46 &amp; 47
      1 469-473
      1 46, 90
      1 467-469
      1 46, 73
      1 466-468
      1 46, 51, 86, 91
      1 46, 51, 56, 62, 96
      1 46, 51, 56, 62
      1 46-48
      1 46-47b
      1 463-465
      1 4, 6
      1 4, 5 &amp; Oversized
      1 45A
      1 459-462
      1  456-458
      1 45, 55, 65, 72, 85, 113, 118, 125, 130
      1 45, 55, 60, 66, 85, 111, 114, 118, 131, 134
      1 45, 55
      1 45, 52
      1 45-52
      1 45, 50, 90
      1 45, 50, 55, 118, 127, 137
      1 45, 50, 55, 102
      1 45-49
      1 45, 47, 117
      1 45-46
      1 453-455
      1 45, 107
      1 45, 102
      1 45:
      1 44c
      1 44b
      1 44A
      1 44a
      1 44, 94
      1 44, 89
      1 44, 84, 98, 102, 106, 110, 134, 137 
      1 448-452, 648
      1 44, 84
      1 44, 80, 89
      1 44, 68, 71
      1 44, 67
      1 44, 59, 89, 125, 134
      1 44, 59
      1 44, 54, 76, 98
      1 445-446
      1 44, 54
      1 44, 49, 54, 64, 71, 76, 80, 118, 137
      1 44, 49, 54, 64
      1 44,  49, 54
      1 44-49
      1 44-46
      1 44, 45
      1 444-447
      1 441-443
      1 44, 122
      1 44, 107
      1 43c
      1 43b
      1 43A
      1 43a
      1 43, 95
      1  438-440
      1 436-437
      1 43, 57
      1 435-439
      1 43, 49
      1 43, 48, 58, 70
      1 43, 48, 58, 63, 70, 75, 88, 93, 97, 101, 109, 112, 117
      1 43, 48, 58
      1 43, 47, 62, 79, 87
      1 43-46
      1 43, 44, 46, 47
      1 434-435
      1 43-44
      1 432-433
      1 431-432
      1 428-429
      1 42, 82
      1  426-428
      1 426 
      1 42, 57
      1 42, 51, 56, 104
      1 42, 46, 51, 61, 67, 78, 86, 91, 95, 99, 103, 114, 131
      1 42, 46, 51, 56, 67
      1 42, 46
      1  424-425
      1 42, 43, 44, &amp;amp:45 
      1 424 
      1 42, 118, 123
      1 421 
      1 419-420
      1 4-19
      1 418 
      1 4, 18
      1 41, 77
      1 41, 60, 81
      1 41, 55, 66, 72, 85, 90, 99, 127
      1 415-417
      1 41, 46, 61, 73
      1 41, 46, 56, 67, 77, 82, 90, 95, 99, 103
      1 41, 46, 51, 56, 73
      1 41, 45, 99
      1 41, 45, 73
      1 41, 45, 55
      1 41, 45, 50, 55, 60, 85, 118
      1 41, 45, 107, 116, 118
      1 41 - 43
      1 41-42, 49-50
      1 41-42
      1 413-414
      1 41  
      1 40X
      1 40c
      1 40b
      1 40a
      1 40, 85, 89, 106
      1 40, 72, 81, 94, 110
      1 40, 65, 94, 98
      1 40, 55, 72, 77, 81, 90, 94, 130, 137
      1 40, 54, 59, 71
      1 40, 50, 98
      1 40, 50, 55, 89, 113, 130, 137
      1 40, 49
      1 40, 45
      1 40, 44, 54
      1 40, 44, 50, 55
      1 40, 44, 50
      1 40, 44, 49, 59, 71, 80, 98
      1 40–43
      1 40-42
      1 40, 41
      1 40-41
      1 3 volumes
      1 3 (Flat Box) 
      1 3 Boxes
      1 3 &amp; Oversized
      1 3 &amp; 4
      1 3-A 
      1 399-400
      1 39, 83
      1 39 - 80
      1 39-62
      1 396 
      1 39, 58, 63, 70, 79, 83, 101
      1 39, 53, 58, 63, 70, 79, 83
      1 39, 53
      1 39, 43, 48, 121, 124, 129, 136, 140
      1 39, 43, 47, 55, 78, 88-90, 96
      1 39-43
      1 39, 40, 42, 43
      1 39-40
      1 38, 74, 83
      1 38, 52
      1 38, 47, 69, 74, 79, 83, 92, 96, 108, 112, 121, 126, 129, 132, 139
      1 38, 47, 57, 62, 79, 83, 92, 96, 104, 108, 112, 117, 119, 121, 124, 126, 129, 132, 139
      1 38, 47, 52, 57, 62, 87, 96, 100, 108, 112, 117, 121, 139
      1 38, 47
      1 38-45
      1 38, 43, 57
      1 38, 43, 47, 52, 100
      1 38, 42, 78, 108, 132
      1 38, 42, 47, 52, 57
      1 38, 42, 47, 52
      1 38, 42
      1 38-42
      1 38-41
      1 380-381
      1 3-8
      1 37-B 
      1 37 &amp; 38
      1 37-A 
      1 37, 56, 78
      1 37, 56
      1 37, 55
      1 37-48
      1 37, 46, 128
      1 37, 42, 46, 56
      1 37, 42, 46, 51, 108
      1 37, 41, 61
      1 37, 41, 51
      1 37, 41, 46, 56
      1 37, 41
      1 37-40
      1 37-38, 110
      1 37, 38
      1 37, 118
      1 3, 71
      1 37.
      1 36-B 
      1 36-A 
      1 36, 94, 98, 110
      1 36, 77, 81, 85, 110, 137
      1 36, 72, 77, 111, 131
      1 36, 50
      1 36, 48
      1 36, 45, 50
      1 36, 41, 81
      1 36, 40, 55
      1 36, 40, 45, 50, 55
      1 36, 37 &amp; amp;38 
      1 36, 120
      1 36, 107
      1 35-B 
      1 35 &amp; 36
      1 35-A 
      1 35, 59, 71
      1 35, 52, 56, 63-66, 71-74, 76-78, 80, 83-90,
      1 355 
      1 35, 49
      1 35, 44, 59, 64, 71, 106, 120, 122
      1 35, 44
      1 35, 40, 59, 94, 98, 106, 110
      1 35, 40, 44, 49, 54, 80, 113, 122
      1 35, 40, 137
      1 35 - 37
      1 35-105
      1 34 &amp; 35
      1 34a &amp; 34b
      1 34-A 
      1 34, 95, 118
      1 34, 58, 83, 101, 105, 109, 117, 126, 136, 140
      1 34, 57, 62
      1 34, 48, 96, 101, 129, 132, 140
      1 34, 43, 47, 52, 57, 104, 126, 132
      1 34, 39, 140
      1 34, 38
      1 34-38
      1 34, 139
      1 34, 111
      1 33 volumes
      1 33 &amp; 34b
      1 33 &amp; 34
      1 33-A 
      1 33, 95, 103
      1  338
      1  337
      1 33, 68
      1 33, 67, 73, 77
      1 33, 66, 77, 95, 104, 109-110
      1 33, 56
      1 33, 55, 99, 103, 111, 116, 118, 120
      1 33, 46, 56, 67, 73, 95, 108, 111, 114, 118, 120, 123
      1 33, 45, 50, 55, 60, 66, 72, 77, 81, 85, 90
      1 33, 42, 47
      1 33, 42, 120
      1 33, 38, 57, 91
      1 33, 37, 42, 46, 116, 138
      1 33, 36
      1 33-36
      1 33 - 35
      1 33-34
      1 33, 108, 114, 116, 118
      1 32-B 
      1 32B
      1 32-A 
      1 32A
      1 32, 95
      1 32, 76, 102
      1 32, 71
      1 32, 65
      1 32, 50, 55, 66, 72, 95
      1 32, 40, 44, 49, 54, 76
      1 32-38
      1 32, 36, 41
      1 32, 36, 40, 55, 60, 72
      1 32, 35, 40, 44, 54, 59, 65, 80, 85, 89
      1 32, 35, 40, 44, 49, 54
      1 32-34
      1 32-33, 47
      1 32-33
      1 31 [COPIES]
      1 31 Boxes
      1 31-B 
      1 31a-34
      1 31-A 
      1 31, 87-88
      1 318-324
      1 31, 52, 78, 80, 83-86, 95, 98, 112,
      1 31, 43, 58, 75, 79, 83, 88, 92, 101, 109, 115, 136, 140
      1 3, 14
      1 31, 39, 43, 48, 105
      1 31, 38, 52, 100
      1 31-36
      1 31, 34, 58, 63
      1 31, 34, 47, 52, 57, 62, 69, 74, 79, 83, 92, 96, 100, 104, 108, 112, 115, 117, 119, 126
      1 31, 34, 39, 48, 53, 58
      1 31, 34, 38, 43
      1 31, 33, 52, 62, 68, 74, 78, 82, 87, 100
      1 31-33
      1 31-32
      1 31, 119, 121, 124, 126, 129
      1 30 to 44
      1 30-B 
      1 30-A 
      1 309-312
      1 307-308
      1 30.7
      1 306 &amp; 307
      1 30, 67, 95
      1 30, 62, 74, 86, 105, 108, 111, 131, 139
      1 30, 61
      1 30, 51
      1 30, 41
      1 30, 37, 46, 56, 99
      1 30, 33, 41, 51, 138
      1 30, 33, 37, 41, 46, 51, 67
      1 30, 33
      1 3: 
      1 2 volume
      1 2O4
      1 2l4
      1 2 Items
      1 2 framed items
      1 2 Folders
      1 29 &amp;30
      1 29-A 
      1 29, 98
      1 29, 94, 106, 110, 134
      1 29, 54, 106, 113, 116, 120
      1 295-296
      1 29, 40, 98, 125
      1 29, 36
      1 29, 35, 40, 50
      1 29, 35, 40, 44, 49, 54, 76, 80
      1 29, 35
      1 29, 32, 35, 49, 76
      1 29, 32, 35, 44
      1 29, 32, 35, 40, 49, 71, 80, 84, 89, 102, 106, 110, 113, 116, 118, 120, 127, 134
      1 29-31
      1 29-30, 47, 55-56, 58-60
      1 2 - 9
      1 28-B 
      1 28Askpatrick
      1 28-A 
      1 287-294
      1 28, 68
      1 28, 54, 63
      1 28, 48, 53
      1 28, 43, 57
      1 28, 39, 53, 58
      1 28, 38, 43
      1 28, 34, 47, 52, 112, 117
      1 28, 34, 43
      1 28, 34, 38, 43, 52, 57
      1 28-32
      1 28, 31, 43, 63, 101
      1 28, 31, 38, 47
      1 28, 31, 34, 58, 63, 83, 132, 140
      1 28, 31, 34, 39, 43, 48
      1 28-31
      1 28-30
      1 28, 29
      1 280 
      1 28  
      1 27-B 
      1 27-A 
      1 27A
      1 27, 68
      1 27, 48
      1 27, 46, 51
      1 27, 46
      1 27, 42, 82
      1 27, 42, 51, 78, 86, 95, 103, 108
      1 273 &amp; 274
      1 27, 38, 74, 78, 87, 96, 100
      1 27, 38, 57, 62, 78, 82, 100, 108, 115
      1 27, 37, 42, 51, 62, 68, 78, 82, 96, 100, 108, 111, 131, 139
      1 27, 37, 42, 46
      1 27, 37, 42
      1 27, 35, 37, 42, 46, 51, 56, 91, 111
      1 27, 30, 42, 46, 61
      1 27, 30, 37
      1 27, 30, 33, 37, 51, 86
      1 27, 30, 33, 37, 46, 78, 82, 90, 95, 99, 111, 114, 116, 120, 131, 135, 138 
      1 27, 30, 33, 37, 42, 46, 51
      1 27, 30
      1 27-30
      1 27, 135
      1 27, 131, 135
      1 27, 115
      1 27, 108
      1 2-7
      1 26 [COPIES]
      1 26-B 
      1 26-A 
      1 26, 87
      1 267 
      1 266 &amp; 267
      1 26, 50, 55
      1 26, 46
      1 26, 45, 72, 77, 81, 89, 120, 137
      1 26, 45
      1 264 
      1  264 
      1 26, 36, 41, 45, 50, 81, 125, 130
      1 26, 36
      1 26, 34, 84-87
      1 26, 33, 37
      1 26, 30, 60, 65, 72, 77, 90, 99, 103, 107, 116, 118, 120
      1 26, 30, 36, 45, 50, 103, 110, 138
      1 26, 30, 33, 36, 41, 45, 66, 72
      1 26, 30, 33, 36, 41, 45, 50
      1 26, 29, 32, 36, 45
      1 26-28
      1 26 - 28
      1 26, 27
      1 262 
      1 26, 122
      1 261 
      1 260-262
      1 260­262
      1 260 
      1 26  
      1  26
      1 25-B 
      1 25 &amp; 26
      1 25-A 
      1 25A
      1  259 
      1 25, 80
      1 257-258
      1 257 
      1 25, 68, 71
      1 255 
      1 25, 49
      1 254-257
      1 25, 35, 40, 44
      1 25, 35
      1 253­254
      1 25, 32, 40, 98, 113
      1 25, 32, 35
      1 25-32
      1 25, 29, 89, 94, 102, 106, 110, 113
      1 25, 29, 35, 40, 54, 59, 64, 76, 80, 85, 137
      1 25, 29, 35, 40, 44, 49, 54, 59, 65, 72, 76, 80, 85, 89, 94, 98, 106, 110, 113, 125, 127, 130, 137
      1 25, 29
      1 25-27  
      1 25-27
      1 25-26
      1 24la
      1 24-B 
      1 24-A 
      1  249
      1 248 (flat)
      1 247 (flat) 
      1 24, 78, 80, 83, 92, 94
      1 24, 75
      1 243 &amp; 244
      1 24, 28, 53
      1 24, 28, 39, 88, 97
      1 24, 28, 31, 34, 43, 48
      1 24, 28, 31
      1 24, 25 &amp; 26
      1 24, 25, 26
      1 23 volumes
      1 23-B 
      1 23-A 
      1 239-286
      1 23, 87
      1 23, 83, 93
      1 238-257
      1 23, 74
      1 23, 70, 80- 81
      1 236B
      1 236A
      1 23, 64, 81
      1 235B
      1 235A
      1 23, 57, 62, 92, 112
      1 23, 52, 83, 108
      1 23, 48-49
      1 23, 47
      1 2, 3, 4
      1 23, 34, 47
      1 23, 31, 43, 52, 57, 62, 69, 92, 121
      1 23, 28, 47, 52, 57, 69, 83, 87, 119, 126, 139
      1 23, 28, 43
      1 23, 28, 38, 43, 47, 52, 62, 69
      1 23, 28, 34, 47
      1 23, 28, 34, 38, 43, 47, 52, 57, 62, 69, 74
      1 23, 28, 31, 43, 47, 69, 74, 108, 126
      1 23, 28
      1 23, 25, 38-40, 78
      1 23-25
      1 23, 24
      1 23. 
      1 23  
      1 22-B 
      1 22B
      1 22-A 
      1 22A
      1 228-235
      1 2, 27, 54, 56-57, 103, 114
      1 22, 68, 71
      1 22, 62, 78
      1 22, 51, 61, 78
      1 22, 51, 56
      1 224 &amp; 225
      1 22, 46, 56, 126
      1 22, 42
      1 22, 33, 56, 111, 128, 138
      1 22, 33, 46
      1 223-224
      1 22, 30, 46, 51, 61, 67, 73, 78, 82, 86, 91, 95, 99, 103, 111, 114, 135
      1 22, 30, 33, 37, 42, 46, 51, 78, 82
      1 22, 30
      1 22, 27, 42, 51, 56, 78, 114
      1 22, 27, 37, 56, 61, 73, 78, 86, 118
      1 22, 27, 37, 46, 99, 108
      1 22, 27, 30, 51, 56, 61, 73, 86, 91
      1 22, 27, 30, 33, 37, 46, 51, 67, 91, 99, 111, 114, 138 
      1 22 -24
      1 22, 23, &amp; 24
      1 22-18
      1 221-222
      1 22, 115
      1 22  
      1 219-220
      1 218 &amp; 219
      1 217-218
      1 21, 56
      1 21, 52, 71, 78, 80-81, 83-85, 87, 91, 115,
      1 215-216
      1 21, 50
      1 21, 46, 120
      1 21, 42, 46, 114, 116, 135, 138
      1 214-215
      1 21, 41, 99
      1 21-39
      1 21, 37, 46, 67, 86, 95
      1 21, 36, 45, 55, 90, 122
      1 21, 33, 55, 60, 66, 72, 81, 90
      1 21, 33
      1 213-214
      1 21, 30, 33, 37, 42, 46, 51, 56, 61, 73, 90, 99, 111, 120, 138
      1 21, 30
      1 21, 27, 42
      1 21, 27, 37, 42, 46, 51, 56, 61, 67, 73, 78, 82, 86, 90, 95, 99
      1 21, 27
      1 21, 26, 50
      1 21, 26, 37, 41, 46, 51, 56, 61, 77, 103, 108, 118, 120, 123, 128, 131, 135
      1 21, 26, 33, 37, 56
      1 21, 26, 30, 82
      1 21, 26, 30, 56
      1 21, 26, 30, 37
      1 21, 26, 30, 36
      1 21-23, 84-85
      1 21-23
      1 21-22, 84-85, 87
      1 21-22
      1 2, 118
      1 211-212
      1 210-214
      1 21.
      1 21  
      1 20-A 
      1 207-208
      1 205 &amp; 206
      1 205-206
      1 20, 45, 50, 60
      1 20, 45
      1 20, 40, 45, 50, 65, 85
      1 20, 40, 102, 120
      1 20, 36
      1 203-204
      1 20, 30, 36
      1 202 Scroll
      1 20, 29
      1 20, 28-29, 32
      1 20-27
      1 20, 26, 50
      1 20, 26, 45, 50
      1 20, 26, 32
      1 20, 26, 29, 65, 106, 110
      1 20, 26, 29, 40, 44, 80, 85, 89
      1 20, 26, 29, 32, 36, 50, 77, 89, 106, 116
      1 20, 25
      1 201-202
      1 200-201
      1 20, 
      1 2  
      1 1 package
      1 1l8
      1 1l4
      1 1-D 
      1 1-C 
      1 1-B
      1 1-A
      1 19B
      1 19 &amp;42
      1 19A
      1 199B 
      1 199A 
      1 19, 89
      1 19, 84
      1 198#-199#
      1 197A
      1 197-198
      1 195-196
      1 19, 45
      1 19, 43, 90
      1 193 &amp; 194
      1 19, 32, 106
      1 193-194
      1 19, 29, 54, 80
      1 19, 25, 64, 80, 84
      1 19, 25, 35, 40, 44, 49, 54, 59, 64, 80, 85, 98, 102, 106, 113, 116, 118, 120, 122, 125, 127, 130, 134
      1 19, 25, 35, 40
      1 19, 25
      1 19-25
      1 19-22
      1 19-20, 100, 104, 117
      1 19, 19, 25, 29, 35, 40, 44
      1 191-194
      1 191-192
      1 19, 113
      1 1-9, 11-18, 28-29, 32-34, 47-49, 55-62,
      1 19, 110-111
      1 190-193 
      1 19  
      1 18-A 
      1 18, 74
      1 187-188
      1 186 &amp; 187
      1 18, 69
      1 18, 63, 69, 75, 132
      1 18, 62, 78, 87, 91, 108, 117
      1 18, 46, 82, 108, 117
      1 18, 43, 48
      1 18, 37, 52, 89
      1 18, 35
      1 18, 31, 34, 47, 96
      1 18, 28, 39, 93, 101, 112, 117, 132, 140
      1 18, 28, 38, 43, 52
      1 18, 27, 42, 47, 100, 108
      1 18, 27
      1 18, 24, 28, 43, 48, 53, 58, 70, 101, 105, 109, 115, 126, 132, 140
      1 18, 23, 34, 38
      1 18, 23, 27, 31, 34, 38, 42, 47, 52, 108
      1 18, 23
      1 18, 22, 27, 37, 51
      1 18, 22, 27
      1 18, 21, 35, 40, 49
      1 18, 21
      1 18-20, 35
      1 18, 20
      1 18-20
      1 18, 19, &amp; 20
      1 18, 19, 25, 44, 49
      1 181-184
      1 181-182
      1 180-186
      1 180, 181 &amp; 182
      1 18  
      1 17a
      1 179 index
      1 178-188 
      1 178, 179 &amp; 180
      1 178-179
      1 177-178
      1 17, 67, 73, 114
      1 176-177
      1 176#
      1 175-176
      1 17, 50
      1 175#
      1 17, 49, 64
      1 17, 44
      1 174-177
      1 17, 41, 45
      1 17, 40, 61-62, 64, 76, 91-92, 94, 96, 108, 117
      1 17, 36, 50, 55, 60, 65, 77, 85, 98, 102, 110, 116, 120
      1 17, 35, 40, 44, 49, 54
      1 173-175 
      1 17, 26, 33, 36, 41, 45, 50, 66, 77
      1 17, 26
      1 17, 25, 29, 44, 49, 54, 64, 71, 76, 80, 102, 106, 110, 122, 125
      1 17, 22, 56, 61, 91
      1 172-174
      1 172-173
      1 17-21
      1 17, 20, 36, 45
      1 17, 20, 26, 30, 32, 45, 50, 65
      1 171C
      1 171B
      1 171A
      1 17, 19, 59
      1 17, 19, 25, 32, 40, 44, 54
      1 171 
      1 170-171
      1 17  
      1 1-7
      1  17
      1 16 &amp; 17
      1 16 &amp; 16A
      1 169 &amp; 170
      1 169-171
      1 169-170
      1 168#-173#
      1 168-169
      1 16, 78
      1 16, 71, 76, 134
      1 166 &amp; 167
      1 166-171
      1 166-169
      1 166-168 
      1 166-168
      1 16, 55
      1 16, 45
      1 16, 43, 69, 74
      1 164-168
      1 16, 40
      1 163C
      1 163B
      1 163A
      1 16, 39, 79, 88, 112, 117, 119
      1 16, 37, 42, 46
      1 16, 33, 36, 41, 45, 50, 56, 61, 67, 73
      1 16, 31, 38
      1 16, 28, 43
      1 16, 27, 108
      1 16, 25, 29, 40, 54
      1 16, 24, 31, 34, 39, 43, 58, 63, 73, 75, 79, 83, 88, 93, 97, 101, 105, 109, 129, 132, 136
      1 16, 22, 27, 30, 46, 51, 61, 86
      1 16, 20, 26, 36, 41, 45, 50, 55, 60, 66, 72, 81, 85, 90, 125, 127, 130, 138
      1 16 - 20
      1 161 &amp; 162
      1 16, 18, 37
      1 16, 18, 23, 28, 31, 34, 47, 92
      1 16, 18, 23
      1 16-18
      1 16, 17, 25, 32, 35, 49, 54, 59, 71
      1 16, 17, 25, 29, 32, 35, 64, 89
      1 16, 17, 20
      1 16, 17, 18, 60, 95, 110
      1 16, 17
      1 161-163
      1 160-162
      1 1-6
      1 15b
      1 15 &amp; 16
      1 15-A 
      1 15a
      1 159 &amp; 160
      1 15, 89, 120, 122
      1 15, 88
      1 157 &amp; 159
      1 157 &amp; 158
      1 15, 77, 103, 111
      1 157-160
      1 157-159 
      1 156 &amp; 157
      1 15, 65, 77
      1 155-164
      1 154-155
      1 15, 39
      1 15, 35, 44, 49
      1 15, 35
      1 15, 34, 58, 63
      1 15, 33, 90
      1 15, 32, 36, 44, 55, 60, 65
      1 152 &amp; 153
      1 15, 28, 31, 39, 48, 53, 63, 69, 79, 83, 88
      1 15/26
      1 15, 25, 29, 35, 44, 116, 118
      1 15, 23, 27, 31, 47
      1 15, 22, 27, 33, 38, 42, 47, 52, 57, 62, 68, 74, 78, 119, 123, 128, 131, 135, 139
      1 15-22
      1 15, 21, 33, 36, 50
      1 15-21
      1 15, 20, 36, 40, 55, 60, 65, 77, 81, 85, 90, 94, 98, 107, 110, 116, 120, 122, 125, 130, 137 
      1 15, 20
      1 152:
      1 151 &amp; 152
      1 15, 18, 65, 85, 94, 102
      1 15, 18, 28, 39, 70, 93
      1 15, 18, 24, 28, 39, 43, 79, 83, 88, 93
      1 15, 18, 22, 57, 62, 68, 74, 78, 91
      1 15, 18
      1 15-17
      1 15, 16, 21, 26, 30, 33
      1 15, 16, 18, 74
      1 15, 16, 18, 46, 61, 67, 73
      1 15, 16, 17, 19, 44, 49
      1 15, 16, 17, 18, 21, 27, 51
      1 15, 16, 17
      1 15, 120
      1 15  
      1 14-P-3
      1 14-P-1
      1 14-L-1 
      1 14 [COPIES]
      1 14b
      1 14 &amp; 15
      1 14A &amp; 14B
      1 14-A 
      1 14a
      1 149 &amp; 150
      1 149A
      1 14-9-.7
      1 149-153
      1 149-152 
      1 148-151
      1 147 &amp; 148
      1 14, 66, 110-111
      1 14, 63
      1 146-147
      1 14, 54, 64, 71, 76, 98, 102, 106, 110, 120, 127
      1 144 &amp; 145
      1 14, 44, 49, 54, 59, 71, 76, 80, 85, 89, 94, 98, 102, 106, 110, 113, 116, 122, 127, 134
      1 14, 40, 44, 64
      1 14, 33, 42, 61, 67, 82, 90, 103, 108, 114, 116, 120, 128, 131, 135, 138
      1 14, 32, 110, 116
      1 14, 32
      1 143-144
      1 143 
      1 14, 27, 91
      1 14, 27, 78
      1 14, 26
      1 14, 25, 32, 35, 40, 64, 71, 98
      1 14, 25, 29, 32, 35, 40, 44
      1 14, 25
      1 14, 23, 28, 34, 38, 47, 52
      1 14, 23, 27, 34, 38, 42, 52, 62, 68
      1 142-147
      1 142-143
      1 14, 19, 44, 64
      1 14, 19, 32, 35, 44, 54, 71, 85, 89, 98, 120, 122
      1 14, 18, 23, 28, 31, 52
      1 14, 18, 139
      1 14, 17, 21, 27, 30, 42, 46
      1 14, 17, 18, 25
      1 14/16/5
      1 14, 16, 31, 47, 52, 57, 62, 68, 74, 82, 87, 91, 96, 121, 135
      1 14, 16, 30, 32, 36, 45, 55, 72, 118, 127, 138
      1 14, 16, 18, 24, 28, 31, 34, 39, 43, 48, 53, 58, 63, 75, 83, 88, 92, 105, 115, 117, 126, 140
      1 14, 16, 18, 23, 28, 38, 43, 47, 52, 57, 79, 104
      1 14, 16, 17, 64
      1 14, 16, 17, 18, 20, 26, 30, 90
      1 14, 16, 17
      1 14/16/05 
      1 14/16/04
      1 14/16/03
      1 14, 15, 19, 25, 29, 32, 35, 40, 44, 49, 59, 64, 71
      1 14, 15, 17, 18, 44, 60, 77, 85
      1 14, 15, 17, 18, 21, 30, 33, 41, 45, 50, 55, 60, 66, 72, 77, 81, 85, 90, 95, 99, 103, 107, 111, 114, 120
      1 14, 15, 16, 30
      1 14, 15, 16, 19, 25, 29, 40, 44, 76, 98, 102
      1 14, 15, 16, 18, 48
      1 14, 15, 16, 18, 27, 33, 37, 47, 62, 68, 82, 104, 108, 111
      1 14, 15, 16, 18, 24, 43, 121, 132
      1 14, 15, 16, 18, 23, 31, 34, 43, 47, 87
      1 14, 15, 16, 18, 23, 27, 31, 34, 38, 42
      1 14, 15, 16, 17, 19, 25, 29, 32, 35, 40, 64
      1 14, 15, 16, 17, 18, 29, 35
      1 14, 15, 16, 17, 18, 19, 29, 32, 35, 44, 49, 54, 59, 64, 71, 76, 80, 84, 89, 94, 98, 102, 106, 110, 113, 116, 118, 120, 122, 125, 127, 130, 137
      1 14, 15, 16, 17
      1 14/15/10
      1 14-15
      1 14, 14, 21, 27, 30, 33, 46, 51, 56, 61, 67, 73, 78, 90, 108
      1 14-13-10
      1 14, 123
      1 14-11-8
      1 14-11-6
      1 14-11-5
      1 14-11-4
      1 14-11-3
      1 14-11-2
      1 14-11-10
      1 14-11-1
      1 14, 110
      1 14-10-7
      1 14, 103, 114, 116, 120, 123
      1 14-10-10
      1 140-148
      1 140 - 143
      1 140-142
      1 14  
      1  14
      1 13V-J-5
      1 13: D/E
      1 13b
      1 13&amp;14
      1 13-A 
      1 13A
      1 13a
      1 139 &amp; 140
      1 139:
      1 138-139
      1 138:
      1 137-139
      1 137:
      1 137 
      1 136, 139
      1 136-137
      1 136:
      1 135 &amp; 136
      1 135, 139
      1 135-136
      1 135:
      1 135 
      1 134-139
      1 134:
      1 13, 37
      1 133-136
      1 133:
      1 132, 136
      1 132:
      1 13-17
      1 13, 14, 15
      1 1, 3, 14
      1 130, 137
      1 130, 134
      1 130:
      1 12-A 
      1 129-137
      1 129-131
      1 129:
      1 128 - 140
      1 128, 135, 139
      1 128, 131, 138
      1 128-130
      1 128:
      1 127:
      1 126-133
      1 126:
      1 125 &amp; 126
      1 125 - 128
      1 125, 127, 134, 137
      1 125:
      1 12, 44
      1 124, 132
      1 124, 129, 132, 136, 139
      1 124-125
      1 123-134
      1 123, 128, 131
      1 123, 128
      1 123, 126
      1 12-30
      1 123:
      1 122, 131
      1 122, 127, 134
      1 122-126
      1 122, 125, 137
      1 122, 125, 130
      1 122, 125, 127
      1 122-124
      1 122:
      1 12-16
      1 1215-2
      1 1215-1
      1 12-14
      1 12, 13, 72, 91, 105, 108, 114, 117
      1 121, 128, 125
      1 121-127
      1 121, 124
      1 121-124
      1 120 &amp; 121 
      1 120, 131, 135, 138
      1 120, 130
      1 120, 125
      1 120 - 125
      1 120, 122, 137
      1 120, 122
      1 120-121
      1 11 volumes
      1 11 Boxes
      1 11-A 
      1 119, 139
      1 119, 129
      1 119, 126
      1 119, 124
      1 119, 123, 132
      1 119 - 122
      1 119, 121
      1 119-120
      1 119:
      1 118, 122, 127, 131, 134, 138
      1 118, 120, 122
      1 118, 120
      1 118:
      1 117F
      1 117E
      1 117D
      1 117C
      1 117B
      1 117A
      1 117, 129, 132, 136
      1 117, 128
      1 117, 123, 126, 128, 131, 135
      1 117, 119, 126, 132
      1 117, 119, 121, 124
      1 117, 119, 121
      1 116, 131
      1 116, 130, 134, 137
      1 116, 125, 134
      1 116, 122
      1 116 - 118
      1 116-117
      1 116 
      1 115, 124
      1 115, 117, 139
      1 115, 117, 119
      1 115-117,119
      1 115-116
      1 114 &amp; 115
      1 114, 118, 123, 138
      1 114:
      1 113-123
      1 113, 122
      1 113, 120, 122, 127, 130
      1 113, 120, 122, 125, 127, 137
      1 113, 117
      1 113, 116, 120, 122
      1 113, 116, 118, 120, 122, 125, 127
      1 113,116, 118, 120
      1 113:
      1 112, 115-116
      1 112-114, 116
      1 112:
      1 1-12
      1 11-19
      1 11-15
      1 11-13
      1 11, 12, 55, 89
      1 11-12 
      1 111, 117
      1 111, 115, 117, 119, 121, 123, 135
      1 111, 114, 116
      1 111, 114
      1 110, 113, 120, 122, 134, 137
      1 110:
      1 10-A 
      1 109A
      1 109 - 115
      1 109-112
      1 109:
      1 108B
      1 108 &amp; 109
      1 108A
      1 108-123
      1 108-122
      1 108, 121
      1 108, 116, 118, 120, 131, 138
      1 108, 114, 117
      1 108, 112
      1 108, 111, 114, 116
      1 108-111
      1 108-109
      1 108:
      1 107, 126, 128, 131, 135, 138
      1 107, 117
      1 107, 113-114, 117
      1 107-113
      1 107-108
      1 107:
      1 106, 137
      1 106, 120, 122
      1 106, 120
      1 106, 116
      1 106, 113
      1 106, 112
      1 106, 110, 113, 127, 137
      1 106, 110, 113, 120, 125
      1 106, 110, 113, 116, 127
      1 106, 110, 113, 116, 125
      1 106, 110, 113, 116, 118, 125, 127, 134
      1 106, 110, 113
      1 106, 110
      1 106-109
      1 106-107
      1 105, 118
      1 105, 109
      1 105-108
      1 105-107
      1 105 
      1 104A
      1 10, 44, 63
      1 104, 124, 126, 132
      1 104, 113
      1 104, 110
      1 104, 108-111, 113, 116-117
      1 104, 108
      1 104, 107
      1 104, 106, 108, 110
      1 104, 106-107, 110-111, 113-114, 117
      1 104-105
      1 104 
      1 10, 35, 55, 66, 76, 92, 102-103
      1 103, 118
      1 103, 117, 126
      1 103, 117
      1 103, 116, 123, 135
      1 103, 114, 118, 120
      1 103, 114
      1 103, 111
      1 103, 105-106
      1 103, 104, 110
      1 102, 122
      1 102, 120
      1 102,118
      1 102, 115
      1 102, 113
      1 102, 110, 120
      1 102, 107-108
      1 102, 106, 111,119
      1 102-105
      1 102-104
      1 102-103
      1 101 &amp; 102
      1 10-14
      1 10120
      1 101, 109
      1 101-108
      1 101-105
      1 101 - 105
      1 10, 11
      1 101 
      1 100m 103
      1 100 &amp; 101
      1 100, 139
      1 100, 136
      1 100, 108-109
      1 100, 104, 111, 115, 117, 139
      1 100, 104, 108, 117, 119, 126, 139
      1 100, 104, 108
      1 100-104
      1 100-103 
      1 100, 102-105-108, 110
      1  10
      1 1  
      1 06 
      1 03 
      1 ?
